y_true,y_pred,y_prob
0,0,0.011876386426733984
1,0,0.3713722768178209
0,0,0.00837225367395981
1,1,0.7273036986363223
0,0,0.2921814444825179
0,0,0.019212301183064922
1,1,0.829208291968222
0,1,0.53995739584032
1,1,0.967560405775965
1,0,0.3713722768178209
0,1,0.7363437019827234
1,1,0.9173460561967228
0,1,0.53995739584032
0,0,0.0727574000362988
1,1,0.598054484729409
0,0,0.01648827510423169
0,0,0.21013187119925933
0,0,0.020429666333302416
0,0,0.47258212583560505
1,1,0.8872526785057695
0,0,0.0070132584448762934
0,0,0.03601383313796769
1,1,0.5141299540383348
1,1,0.9779725861229552
0,1,0.519424512980476
1,1,0.9858295188299824
0,0,0.07153957293635585
0,0,0.0727574000362988
1,1,0.6639045315750636
0,0,0.013235792257288713
1,1,0.7749052097334009
1,1,0.8251798603998661
0,1,0.8702849350399876
1,1,0.9564467973833249
0,0,0.00707484096040039
0,0,0.1132343809365096
1,1,0.7136259823524816
0,0,0.18051067495545958
0,1,0.5150135571456799
1,1,0.9618938989708374
0,0,0.006780609554304616
1,1,0.9614812135346406
1,1,0.7006343839644346
1,1,0.9618938989708374
0,1,0.7655834306049487
0,0,0.007377198940571298
1,1,0.829208291968222
1,1,0.9779725861229552
0,0,0.007092526822855228
0,1,0.7581840633846831
0,0,0.235223404026428
0,0,0.03601383313796769
1,1,0.8872526785057695
0,0,0.03522991177954148
1,1,0.9906618148666964
0,0,0.011176469619000687
1,1,0.9911484084312443
1,1,0.9812030846208619
0,1,0.9616900874377167
0,0,0.13725061910995512
1,0,0.48684479025442945
1,1,0.976899592747347
1,1,0.948344210594716
0,0,0.16420569907660404
1,1,0.6367109708336584
0,0,0.026510689085700624
0,1,0.5842548063323941
1,1,0.9614080924113898
1,0,0.37275785517070387
1,1,0.6278559876762658
1,1,0.9912568422712706
0,0,0.011904875781153979
1,1,0.9683216248322406
1,1,0.9342607651343795
0,0,0.016425596715918124
0,1,0.6780425108758125
1,1,0.7719250214227596
0,0,0.10985189540811613
0,0,0.16420569907660404
0,0,0.1132343809365096
1,1,0.6260468115742341
1,1,0.9934792339898637
1,1,0.6367109708336584
1,1,0.8726505285167265
1,1,0.9612898669004011
0,1,0.5519054641104593
1,1,0.9586450950277454
1,1,0.6876968860166361
1,0,0.14132481344727824
0,1,0.5150135571456799
1,1,0.994766291807551
1,1,0.974639397215686
1,1,0.5821312256820402
0,0,0.39058827091015136
1,0,0.06478002489626483
1,1,0.8323791548796898
1,0,0.37275785517070387
1,1,0.5381312508209251
0,0,0.0031038779217148382
1,1,0.9337408543526754
1,0,0.1989550130620152
1,1,0.8109075655433489
1,1,0.6367109708336584
1,1,0.9739098906127355
1,1,0.7256822564864038
1,1,0.9802181385589835
1,1,0.8349742750373788
0,0,0.19121430662960112
0,0,0.23441448570953094
1,1,0.8783893777821334
1,1,0.9478893993722844
0,0,0.06729262716380108
1,1,0.8045784762175247
1,1,0.8504226161844863
1,1,0.969512967359407
0,0,0.009346976761054612
1,0,0.3469017474795296
1,1,0.8504226161844863
1,1,0.8334120846026235
1,1,0.741723113227189
1,1,0.948344210594716
0,1,0.7253591565979441
0,0,0.07171493687984828
1,1,0.7256822564864038
1,1,0.9765473543177887
0,0,0.47547576455606205
0,1,0.9616900874377167
0,1,0.6011545008483657
0,0,0.4519519717363827
0,0,0.235223404026428
0,1,0.5784271010024863
0,0,0.19121430662960112
1,1,0.8104900888573899
0,1,0.674095709537812
0,0,0.05296162050353167
1,1,0.7884864291493605
0,0,0.007227740804589262
1,1,0.769603689116887
0,1,0.5150135571456799
1,1,0.994766291807551
1,1,0.9061549421777888
1,1,0.8334120846026235
0,0,0.07135532732411105
0,1,0.7655834306049487
0,0,0.011876386426733984
0,1,0.5192475615594712
1,1,0.976899592747347
1,1,0.9564467973833249
0,0,0.058946835063596624
0,0,0.007791673401621115
0,1,0.5268897846061126
0,0,0.07153957293635585
0,1,0.6311338720145794
0,0,0.08808574407604396
0,1,0.7038614001909833
0,0,0.33099076363935787
0,1,0.6011545008483657
1,1,0.9510697122925846
0,0,0.018214175155959175
0,0,0.020429666333302416
0,0,0.02473729854437348
1,1,0.9911484084312443
0,1,0.5842548063323941
1,1,0.7273036986363223
1,1,0.9239648788956176
0,1,0.5784271010024863
0,0,0.02473729854437348
1,1,0.9752520896523907
1,1,0.9779725861229552
0,0,0.05345000435225393
0,0,0.004770924818760201
0,0,0.33099076363935787
1,1,0.9614812135346406
1,1,0.9976090853055466
1,1,0.9487796454959502
1,1,0.7006343839644346
0,0,0.2263202386345877
1,1,0.7270643240363946
0,1,0.6558564296656655
1,1,0.7302466261397064
1,1,0.8062967549585258
0,0,0.39290868766378056
1,1,0.8187153575477197
1,1,0.9799691974502043
0,0,0.007092526822855228
1,1,0.6549235375518337
0,0,0.16420569907660404
0,0,0.007227740804589262
0,0,0.13725061910995512
1,1,0.9564467973833249
0,0,0.04693899993897919
1,1,0.9483889080853422
1,1,0.9173460561967228
0,0,0.023405581971785522
1,1,0.8004320923613383
0,1,0.519424512980476
1,1,0.9621982094824861
1,1,0.969512967359407
0,1,0.7138779237064625
1,1,0.8726505285167265
0,0,0.17879942031758808
0,0,0.0070132584448762934
0,0,0.0689426313306309
1,1,0.9700055673705185
1,1,0.8556934146145164
